22
0 G 1 200 200
1 G 1 200 300
2 G 6 250 300
3 G 1 450 500 
4 E 3 450 550
5 E 2 450 100
6 G 4 450 200
7 G 5 550 300
8 G 5 650 300
9 G 5 700 200
10 G 5 750 300
11 G 5 700 450
12 G 5 450 300
13 G 5 850 300
14 G 5 1000 450
15 G 5 850 200
16 G 5 750 100
17 G 5 1050 300
18 E 5 1050 400
19 E 5 950 500
20 E 5 550 400
21 E 5 400 250
1,100
0,100 2,50
1,50 3,282 12,200
4,40 12,200 2,282
3,50
6,100
12,100 7,141
6,141 12,100 20,100 8,100
7,100 11,158 10,100 9,111
10,111 16,111 8,111
9,111 8,100 13,100
8,158 14,300
21,70 6,100 7,100 3,200 2,200
15,100 10,100 14,212 17,200
19,70 17,158 13,212 11,300
13,100 16,141
15,141 9,111
18,100 13,200 14,158
17,100
14,70
7,100
12,70